Thru_TT = 0.0000000000000000
Thru_T = 0.0000000000000000
Thru_1.0 = 0.0000000000000000
Thru_copy_T0 = 0.0000000000000000
Thru_copy_T1 = 0.0000000000000000
Thru_copy_T2 = 0.0091238549392482
Thru_t = 0.0091238549392482
Thru_T1 = 0.1551055339672197
Thru_T0 = 0.0273715648177446
Thru_T3 = 0.0091238549392482
Thru_T2 = 0.0273715648177446
Thru_T4 = 0.1551055339672197
Thru_T5 = 0.0273715648177446
Thru_T6 = 0.0091238549392482
Thru_T7 = 0.0091238549392482
Thru_T8 = 0.1277339691494751
Thru_T9 = 0.0000000000000000
Thru_T10 = 0.0000000000000000
Thru_T11 = 0.0000000000000000
Thru_T12 = 0.0000000000000000
Thru_T13 = 0.0000000000000000
Thru_copy_copy_T1 = 0.0821146944532339
Thru_copy_copy_T0 = 0.0273715648177446
Thru_copy_T3 = 0.0091238549392482
Thru_copy_copy_T2 = 0.0273715648177446
Thru_copy_T4 = 0.0821146944532339
Thru_copy_T5 = 0.0273715648177447
Thru_copy_T6 = 0.0091238549392482
Thru_copy_T7 = 0.0091238549392482
Thru_copy_T8 = 0.0547431296354893
Thru_copy_T9 = 0.0000000000000000
Thru_copy_T10 = 0.0000000000000000
Thru_copy_T11 = 0.0000000000000000
Thru_copy_T12 = 0.0000000000000000
Thru_copy_T13 = 0.0000000000000000
Thru_copy_copy_copy_T1 = 0.0729908395139857
Thru_copy_copy_copy_T0 = 0.0273715648177446
Thru_copy_copy_T3 = 0.0091238549392482
Thru_copy_copy_copy_T2 = 0.0273715648177446
Thru_copy_copy_T4 = 0.0729908395139856
Thru_copy_copy_T5 = 0.0273715648177446
Thru_copy_copy_T6 = 0.0091238549392482
Thru_copy_copy_T7 = 0.0091238549392482
Thru_copy_copy_T8 = 0.0456192746962410
Thru_copy_copy_T9 = 0.0000000000000000
Thru_copy_copy_T10 = 0.0000000000000000
Thru_copy_copy_T11 = 0.0000000000000000
Thru_copy_copy_T12 = 0.0000000000000000
Thru_copy_copy_T13 = 0.0000000000000000
Thru_copy_copy_copy_copy_T1 = 0.0638669845747374
Thru_copy_copy_copy_copy_T0 = 0.0273715648177446
Thru_copy_copy_copy_T3 = 0.0091238549392482
Thru_copy_copy_copy_copy_T2 = 0.0273715648177446
Thru_copy_copy_copy_T4 = 0.0638669845747374
Thru_copy_copy_copy_T5 = 0.0273715648177446
Thru_copy_copy_copy_T6 = 0.0091238549392482
Thru_copy_copy_copy_T7 = 0.0091238549392482
Thru_copy_copy_copy_T8 = 0.0364954197569928
Thru_copy_copy_copy_T9 = 0.0000000000000000
Thru_copy_copy_copy_T10 = 0.0000000000000000
Thru_copy_copy_copy_T11 = 0.0000000000000000
Thru_copy_copy_copy_T12 = 0.0000000000000000
Thru_copy_copy_copy_T13 = 0.0000000000000000
