Thru_T0 = 0.5863192182410423
Thru_T1 = 0.0000000000000000
Thru_T2 = 0.9771986970684038
